558960
109123
255639
361941
567961
103414
153631
325129
378857
173233
702133
144428
110411
436239
377451
191235
120717
165234
887373
199453
112819
239136
137229
613235
198249
206323
239944
175136
748662
169141
310621
147636
769064
180432
723141
199958
136126
930449
162329
280941
627852
204016
957974
573249
101107
161630
136227
151526
926862
475855
200210
917255
185947
728454
513130
303624
270332
346137
118023
700634
578057
189349
391748
143426
158035
220721
162228
111009
108323
385046
180129
616645
707749
119833
467351
122620
140319
206929
552544
203923
599065
856766
130720
127933
283543
146129
151021
196750
257946
227533
286650
164030
761957
172534
138130
638049
436845
148335
132118
169949
308331
180230
145632
715950
692964
929464
148032
358144
196144
969476
268749
877168
101410
500222
112516
191942
187547
163129
122418
932554
298051
213421
908860
144125
208630
382242
744553
162935
448347
172029
433839
993675
609143
387959
117021
833249
971160
321323
211821
136732
955465
492754
884064
828862
481042
208226
734045
145834
525541
281135
128329
228434
110613
100408
280739
469961
959574
114116
196851
126628
