156233
134829
891667
473952
555348
146331
480141
395958
570243
419239
211114
185038
877269
329844
208428
599469
788876
159340
180836
204622
116524
171532
541943
114924
137936
198855
867468
182840
197550
127731
118528
965771
195041
124422
209834
181636
123824
168341
201111
172332
825654
295146
130821
165840
130518
118124
599671
497865
175540
133928
120515
837560
749361
179952
248339
256540
211316
833148
221218
756055
178748
562345
305830
194140
390645
145531
540436
680957
121618
204420
214221
101006
268850
485757
201717
174437
171128
133827
713239
209935
571548
115825
894067
140925
297655
179245
212318
406432
150524
311320
154936
183034
585256
188347
142424
536647
178243
160123
127630
580650
415837
123723
138534
137027
566454
293748
190132
177342
107321
201414
224022
192035
465852
205119
715041
849264
979984
822244
303119
104820
163836
123925
101309
565452
160830
182032
165941
170934
549757
322224
298455
289555
623844
117324
103515
581349
175035
186141
140420
102816
121315
654754
217126
300618
366446
183337
857263
161327
194645
204521
121820
802844
123117
687163
965367
171431
729557
202820
221319
880157
