558960
109123
255639
361941
567961
103414
153631
325129
378857
173233
702133
144428
110411
436239
377451
191235
120717
165234
887373
199453
112819
239136
137229
613235
198249
206323
239944
175136
748662
169141
310621
147636
769064
180432
723141
199958
136126
930449
162329
280941
627852
204016
957974
573249
101107
161630
136227
151526
926862
475855
200210
917255
185947
728454
513130
303624
270332
346137
118023
700634
578057
189349
391748
143426
158035
220721
162228
111009
108323
385046
180129
616645
707749
119833
467351
122620
140319
206929
552544
203923
599065
856766
130720
127933
283543
146129
151021
196750
257946
227533
286650
164030
761957
172534
138130
638049
436845
148335
132118
169949
308331
180230
145632
715950
692964
929464
148032
358144
196144
969476
268749
877168
101410
500222
112516
191942
187547
163129
122418
932554
298051
213421
908860
144125
208630
382242
744553
162935
448347
172029
433839
993675
609143
387959
117021
833249
971160
321323
211821
136732
955465
492754
884064
828862
481042
208226
734045
145834
525541
281135
128329
228434
110613
100408
280739
469961
959574
114116
196851
126628
154936
133928
877269
465852
549757
145531
473952
390645
566454
415837
209935
183337
965367
322224
205119
585256
788876
156233
179952
204521
116524
171431
540436
114924
137027
197550
867468
182032
195041
127630
118528
965771
194645
160123
687163
123824
165941
198855
171532
825654
293748
130518
163836
127731
118124
623844
497865
175035
133827
120515
837560
749361
179245
224022
248339
211114
303119
833148
217126
849264
178243
208428
822244
192035
406432
142424
891667
555348
121618
202820
298455
101006
256540
297655
201414
172332
170934
204622
130821
715041
305830
580650
115825
485757
140420
221319
178748
204420
419239
146331
329844
150524
182840
599469
188347
140925
541943
177342
161327
581349
289555
123723
137936
295146
134829
756055
268850
190132
175540
107321
599671
311320
180836
480141
171128
802844
565452
979984
211316
194140
104820
183034
123925
101309
185038
124422
160830
857263
168341
536647
562345
366446
209834
201717
654754
117324
103515
745555
159340
894067
138534
102816
121315
680957
221218
212318
395958
300618
571548
186141
570243
729557
121820
174437
123117
165840
126931
713239
181636
214221
