101006
101309
102816
103515
104820
107321
114924
115825
116524
117324
118124
118528
120515
121315
121618
121820
123117
123723
123824
123925
124422
127630
127731
130518
130821
133827
133928
134829
137027
137936
138534
140420
140925
142424
145531
146331
150524
154936
156233
159340
160123
160830
161327
163836
165840
165941
168341
170934
171128
171431
171532
172332
174437
175035
175540
177342
178243
178748
179245
179952
180836
181636
182032
182840
183034
183337
185038
186141
188347
190132
192035
194140
194645
195041
197550
198855
201111
201414
201717
202820
204420
204521
204622
205119
208428
209834
209935
211114
211316
212318
214221
217126
221218
221319
224022
248339
256540
268850
289555
293748
295146
297655
298455
300618
303119
305830
311320
322224
329844
366446
390645
395958
406432
415837
419239
465852
473952
480141
485757
497865
536647
540436
541943
549757
555348
562345
565452
566454
570243
571548
580650
581349
585256
599469
599671
623844
654754
680957
687163
713239
715041
729557
749361
756055
788876
802844
822244
825654
833148
837560
849264
857263
867468
877269
880157
891667
894067
965367
965771
979984
