101006
101309
102816
103515
104820
107321
115825
116524
117324
118124
118528
120515
121618
121820
123117
123723
123824
123925
124422
127630
130518
130821
133827
133928
134829
137027
137936
140420
142424
146331
150524
154936
160123
161327
163836
165840
165941
171128
171431
171532
172332
174437
175035
175540
177342
178243
179245
180836
182032
182840
183034
183337
185038
188347
190132
194140
194645
195041
197550
198855
201111
204420
204521
209834
209935
211114
211316
212318
214221
217126
221319
224022
248339
268850
289555
293748
297655
298455
300618
303119
305830
322224
329844
390645
395958
406432
415837
419239
473952
480141
485757
497865
536647
540436
541943
549757
555348
566454
570243
571548
580650
581349
585256
599469
599671
623844
654754
680957
687163
729557
749361
788876
802844
822244
825654
833148
837560
849264
867468
877269
891667
965367
965771
979984
