137431
203418
144731
139435
191437
188448
198249
275645
352132
381543
307127
114217
118023
193441
111514
137128
922854
209127
990366
872764
872562
162733
462139
298051
748258
206727
219231
972566
285446
644044
448347
130316
156637
771354
366042
330324
633847
385450
199655
141826
205220
175439
180937
169747
205826
192237
199150
748662
683256
732243
102008
113922
832651
314225
146432
155231
123420
170631
569965
148032
142828
158136
453542
176744
635245
894673
111312
525541
131823
744553
155635
704238
871964
524135
559053
996782
401422
300719
779370
150928
198047
391748
144125
645551
193845
129937
492754
197348
186040
481951
263436
677968
151829
283543
129634
761957
727654
463040
774663
129331
433839
196346
816653
154431
214019
135528
911849
461743
627549
178950
126325
872158
837964
609143
613538
522434
134728
248238
453441
195647
861456
912447
628248
113619
239136
667056
923755
185139
103414
654350
130013
136732
355239
180230
148335
191942
172635
210617
520228
118730
148840
927359
127933
707749
115320
101006
101309
102816
103515
104820
107321
114924
115825
116524
117324
118124
118528
120515
121315
121618
121820
123117
123723
123824
123925
124422
127630
127731
130518
130821
133827
133928
134829
137027
137936
138534
140420
142424
146331
150524
154936
156233
159340
160123
160830
161327
163836
165840
165941
168341
171128
171431
171532
172332
174437
175035
175540
177342
178243
178748
179245
179952
180836
181636
182032
182840
183034
183337
185038
186141
188347
190132
194140
194645
195041
197550
198855
201111
201717
202820
204420
204521
205119
209834
209935
211114
211316
212318
214221
217126
221218
221319
224022
248339
268850
289555
293748
297655
298455
300618
303119
305830
322224
329844
390645
395958
406432
415837
419239
473952
480141
485757
497865
536647
540436
541943
549757
555348
562345
566454
570243
571548
580650
581349
585256
599469
599671
623844
654754
680957
687163
713239
715041
729557
749361
756055
788876
802844
822244
825654
833148
837560
849264
857263
867468
877269
891667
965367
965771
979984
