137431
203418
144731
139435
191437
188448
198249
275645
352132
381543
307127
114217
118023
193441
111514
137128
922854
209127
990366
872764
872562
162733
462139
298051
748258
206727
219231
972566
285446
644044
448347
130316
156637
771354
366042
330324
633847
385450
199655
141826
205220
175439
180937
169747
205826
192237
199150
748662
683256
732243
102008
113922
832651
314225
146432
155231
123420
170631
569965
148032
142828
158136
453542
176744
635245
894673
111312
525541
131823
744553
155635
704238
871964
524135
559053
996782
401422
300719
779370
150928
198047
391748
144125
645551
193845
129937
492754
197348
186040
481951
263436
677968
151829
283543
129634
761957
727654
463040
774663
129331
433839
196346
816653
154431
214019
135528
911849
461743
627549
178950
126325
872158
837964
609143
613538
522434
134728
248238
453441
195647
861456
912447
628248
113619
239136
667056
923755
185139
103414
654350
130013
136732
355239
180230
148335
191942
172635
210617
520228
118730
148840
927359
127933
707749
115320
